0 09/52
1 XUN?
2 52
3 15/46
4 40/13
5 09
6 52/01?
7 52
8 09
9 46/47?
10 01/26
11 30/51
12 13
13 24/40?
14 50
15 16
16 13
17 XUN
18 22
19 XUN
20 13
21 15
22 23
23 XUN
24 13
25 52
26 45/52
27 11
28 09/42
29 52
30 19/51
31 14/01
32 52
33 14/11
34 52
35 14
36 50
37 52
38 52
39 XUN
40 52
41 23
42 52
43 44/05
44 XUN
45 52
46 51/52
47 XUN
48 43
49 52
50 45/52
51 52/14
52 19/50
53 52
54 09/45
55 44
56 23/50
57 19
58 24
59 45
60 22?
61 52
62 XUN
63 11
64 XUN/52
65 11/52
66 52
67 50
68 45/09
69 38
70 14
71 52
72 51?
73 11
74 52
75 44
76 53/52
77 50/42
78 42/44
79 47/15
80 45/27
81 52
82 XUN
83 52/43
84 12
85 52
86 51
87 46
88 52
89 04
90 52
91 11
92 13
93 XUN
94 52
95 45
96 52
97 09
98 04
99 12
100 40
101 52
102 27/45
103 51/13
104 52/05
105 52
106 45/16
107 51
108 51
109 14
110 XUN
111 XUN
112 52
113 09/50
114 11/52?
115 13
116 16/26
117 11
118 03/38
119 01/03
120 45/38
121 26/42
122 09/50?
123 26/13
124 52
125 13/26
126 26/31
127 22
128 14
129 04
130 53/XUN
131 53/40?
132 XUN
133 52/03
134 XUN
135 XUN/50
136 13
137 10/09
138 XUN
139 45/23
140 13
141 09
142 51
143 51
144 45/19
145 48/15
146 50/10
147 13
148 09/23
149 50
150 51
151 23
152 51/15?
153 25
154 51/42
155 14
156 09
157 12/51
158 13
159 50/52
160 51
161 51
162 XUN
163 13
164 45
165 50
166 13
167 23/09
168 14
169 52
170 52
171 04
172 XUN/29
173 52
174 13/54
175 09/42
176 19
177 52/11
178 12
179 51
180 13
181 29
182 29/XUN?
183 45
184 24
185 52
186 XUN
187 50
188 52
189 13
190 14
191 52
192 15?
193 13/50
194 19/53
195 24/40?
196 50
197 50
198 50/10
199 52
200 51
201 52/42
202 52
203 51/60
204 52
205 XUN/42
206 XUN
207 52
208 51/45
209 50
210 09
211 50/10
212 52
213 09/10
214 52/45
215 13
216 52/09
217 42/44
218 41/15
219 52/11
220 44/03
221 45
222 51/13
223 14/26?
224 53/27
225 43
226 26
227 XUN/13
228 09
229 09
230 45/11
231 52
232 13
233 XUN
234 26
235 52
236 42/23
237 16/45
238 52
239 52/44
240 13
241 43/11
242 01/04
243 52
244 51/42?
245 22
246 26
247 11
248 11
249 50/52
250 13
251 52?
252 26
253 13
254 13/51
255 26
256 44
257 52
258 51
259 44/45?
260 XUN
261 13
262 26/14
263 50
264 11/52
265 03/52
266 51
267 30/52
268 13
269 45/05
270 52
271 52
272 23/54
273 42
274 14/15
275 XUN/46
276 29
277 52
278 44/51
279 51/60
280 52
281 45/13
282 27/52
283 13
284 51
285 XUN
286 52/45
287 43
288 31/52
289 24/38
290 22
291 XUN
292 47
293 52
294 09
295 22
296 50
297 11/30
298 53/XUN
299 52/09
300 26
301 45/26
302 XUN/09
303 11
304 31/52
305 45
306 52
307 52
308 09
309 52
310 13/50
311 13/52
312 14
313 45
314 45/38
315 53/XUN
316 50
317 13
318 52
319 53/XUN
320 22
321 45
322 52/11
323 XUN/22
324 52
325 XUN
326 52/09
327 13/42
328 45
329 51/60
330 13
331 09
332 XUN/29
333 44
334 XUN
335 51/13
336 13/23
337 51
338 14
339 24/45
340 52
341 14/40
342 22
343 27/51?
344 14
345 XUN/52
346 13
347 23/09
348 50/10
349 45
350 43/51
351 52
352 43
353 52
354 54/09
355 14
356 52
357 45
358 39/49
359 11/52
360 52
361 52/03
362 16
363 13/31
364 52/19
365 44
366 44?
367 52
368 50
369 11/52
370 45/30
371 XUN
372 24/52
373 52
374 45/40
375 51
376 50
377 52/10
378 26/53
379 52/27
380 52/12
381 16
382 51
383 23/09
384 XUN
385 14/40?
386 12
387 15
388 51
389 XUN/45
390 52
391 52
392 45/53
393 XUN
394 03?
395 13
396 50/30
397 23
398 45
399 09
